1.000000000000000000e+00 -3.930418875448399296e-01
9.982618533180958043e-01 -4.935281944166406420e-01
9.922119723199207542e-01 -5.136514406815185785e-01
9.871941939869817162e-01 -5.353662267729266677e-01
9.808929479430255061e-01 -5.585786940744930096e-01
9.745414288899134636e-01 -5.830544343151495834e-01
9.651980189076112548e-01 -6.093732228491611780e-01
9.566087475302171850e-01 -6.369587043614142186e-01
9.462093542953897707e-01 -6.651661341279866413e-01
9.355987644100567380e-01 -6.943967208728236695e-01
9.218587680379806137e-01 -7.239563286641775841e-01
9.047255082532992265e-01 -7.537863720604878193e-01
8.849251430961704301e-01 -7.824454493235873942e-01
8.625501327894538051e-01 -8.102789917492836391e-01
8.391267723783295551e-01 -8.364223765173520730e-01
8.136162415238290535e-01 -8.607717653229089994e-01
7.874786065597714213e-01 -8.824880372091803427e-01
7.621606880777047621e-01 -9.013826003238346596e-01
7.355187206775473108e-01 -9.172499121050505799e-01
7.074133153975921129e-01 -9.313020031335028648e-01
6.733001271877485649e-01 -9.443855997447149209e-01
6.336049806382344496e-01 -9.569124533219259821e-01
5.861416002644974643e-01 -9.684888306771363142e-01
5.319204672802488876e-01 -9.791183354493937507e-01
4.707064228313202481e-01 -9.880775129971552939e-01
4.053796741747757171e-01 -9.952223931199219997e-01
3.391943737763494227e-01 -9.990886333857801338e-01
2.761025363657567677e-01 -1.000000000000000000e+00
2.134576812043547100e-01 -9.964375202537476550e-01
1.501583436977798058e-01 -9.888075815780628108e-01
8.409236338685266432e-02 -9.762422381856341591e-01
1.461701526086534031e-02 -9.592946071369601313e-01
-5.745610638158238359e-02 -9.372562939549252681e-01
-1.334557990754892121e-01 -9.113871006197115099e-01
-2.080352178978247535e-01 -8.811518799001794022e-01
-2.817533247635604088e-01 -8.473409914778902152e-01
-3.522899716785062862e-01 -8.087146203794232102e-01
-4.220180642119740755e-01 -7.651828755464061826e-01
-4.895855824864105976e-01 -7.164798157724807659e-01
-5.551967036401673772e-01 -6.631797033364533744e-01
-6.158967163402492284e-01 -6.053442024528137289e-01
-6.724980851403042914e-01 -5.437459271519734516e-01
-7.232097892918858406e-01 -4.785517330829127669e-01
-7.705612603411902128e-01 -4.105949429132629280e-01
-8.133376090551884818e-01 -3.394301635745933243e-01
-8.531643152890924231e-01 -2.657804097184968128e-01
-8.887609257747608460e-01 -1.903466343933584159e-01
-9.201964458296081339e-01 -1.140590598709263492e-01
-9.458660144709104545e-01 -3.659849248347435413e-02
-9.668250319581845886e-01 4.191286204819277827e-02
-9.829636061467882380e-01 1.208689725817067018e-01
-9.944708386596975425e-01 1.988333342809283089e-01
-1.000000000000000000e+00 2.734611537548976568e-01
-9.993195645929089377e-01 3.439961713581951575e-01
-9.921138814240848536e-01 4.091727477517927980e-01
-9.809986579608577228e-01 4.698773606023054494e-01
-9.650713341012481239e-01 5.260341775752510607e-01
-9.433119679257480072e-01 5.778053277370558405e-01
-9.139734876374826511e-01 6.258534991658613045e-01
-8.792276332783308668e-01 6.709890840223335928e-01
-8.405219098898709662e-01 7.135066983542344143e-01
-7.972175950962162583e-01 7.536273438032488059e-01
-7.494764454305056223e-01 7.914541439072668716e-01
-6.972030677241897179e-01 8.270519237022035952e-01
-6.417733060427639469e-01 8.598088441710660668e-01
-5.820806791730394059e-01 8.896155025176402109e-01
-5.209042024706331819e-01 9.163276503792845418e-01
-4.558532399788755018e-01 9.405399862559797874e-01
-3.883680389701335001e-01 9.610517427116880285e-01
-3.182585217075466488e-01 9.777417059591999582e-01
-2.484998648833716128e-01 9.897000510221118930e-01
-1.796490882886876417e-01 9.973659988794543185e-01
-1.110500598275843132e-01 1.000000000000000000e+00
-4.132038564651774326e-02 9.962511312098047966e-01
3.131021083698093399e-02 9.850558692360813495e-01
1.074722637101142020e-01 9.665767535212359540e-01
1.862833637142384813e-01 9.419244447626973216e-01
2.649679930299102537e-01 9.107081542566803911e-01
3.441571376340895050e-01 8.730718564019135375e-01
4.234218911582798839e-01 8.283207596056336719e-01
5.028026695241738508e-01 7.769901291607856919e-01
5.781340604646776349e-01 7.196934885391583769e-01
6.458659219255553641e-01 6.573060242254509244e-01
7.044551430425416427e-01 5.920617644062193818e-01
7.528830732319355956e-01 5.258734094792196778e-01
7.919999315967223286e-01 4.615065913565716826e-01
8.217720318407575331e-01 4.011878339637557911e-01
8.437252519179883059e-01 3.465609972000447403e-01
8.608831729451300596e-01 2.996910152938940808e-01
8.755182581288933896e-01 2.606742183390973189e-01
8.900522877265404365e-01 2.292974304683510489e-01
9.040615390382891192e-01 2.048918537952013619e-01
9.179456235756342508e-01 1.859902361053913378e-01
